-0.0554880912
-0.0142805112
-0.0537006331
0.0090803060
-0.0587790852
0.0588605282
-0.0895657716
-0.0327616956
-0.0117849364
-0.0277789300
-0.0686846261
-0.0290771391
-0.0594547632
-0.0407870808
-0.0108481677
0.0041594278
-0.0563010034
-0.0214078646
-0.0876393167
-0.0238696049
-0.0357298035
-0.0012236222
-0.0130175687
-0.0093857175
-0.0581814014
-0.0167897368
-0.0447446732
0.0058872431
-0.0668660844
-0.0133978101
-0.0354628742
-0.0324218025
-0.0147247098
-0.0135579412
-0.0144924884
0.0026041954
0.0022601838
0.0121734692
-0.0513389859
-0.0410135375
-0.0088149906
-0.0367044884
0.0238586598
0.0132231281
-0.0232805074
0.0045047217
0.0219049055
0.0279166365
0.0086697882
-0.0164422697
0.0024191457
0.0085629884
0.0050515395
-0.0267004160
0.0124206794
0.0041898384
-0.0023870684
-0.0070884981
0.0041321956
0.0205448749
0.0109644759
-0.0056128955
-0.0179740039
-0.0312753420
